22.0000000 8.4852810 8.4852810 0.0000000
21.2799568 7.4311404 10.1697235 13.3333378
20.1561298 8.9861183 8.1003265 -20.0000019
19.1875381 7.7963443 9.3493261 13.3337870
18.3165779 23.0469818 7.7922473 -17.5140324
17.5762768 7.2504549 10.6144562 26.6661682
16.4124603 21.7523632 8.2395477 -21.5575123
15.9289980 34.9893036 11.7820778 26.6666412
17.0478516 5.8204122 15.0639124 26.6666660
14.0903606 35.9207268 11.6593189 -33.4419060
14.5899878 30.5954609 13.7010555 26.6666660
17.0606213 4.6681137 12.2221298 26.6666660
12.5986242 30.3573856 12.5635805 -33.4416771
14.1180849 27.8423805 10.8384571 26.6666660
32.2051468 8.6995296 10.3614082 26.6666660
14.9975557 26.3090210 9.6284828 -10.9138260
27.7290611 7.7405305 9.7715788 26.6666660
28.9267426 14.0314808 8.9049301 -13.3338785
25.1770725 8.4555483 9.1592178 19.9999924
24.8839397 10.8042240 8.5049009 -6.6659665
22.6563435 8.4362144 8.8607016 14.7800188
22.7376461 11.8503723 7.9303560 -13.3334503
20.4352207 8.1605167 8.8446312 22.6266003
20.0587673 10.5058308 7.8400979 -13.3336277
18.4413223 8.0037518 8.9428339 19.9999905
17.7890320 9.8117342 7.8668985 -13.3338633
16.5305080 7.8114638 22.8456879 18.8914623
16.2687912 11.6401491 7.2780509 -26.6666298
14.7539320 8.3893490 21.0381985 23.7966728
14.5632620 12.9222116 30.4046574 -26.6666679
15.9382200 13.1984348 5.9198942 -26.6666679
12.6938295 12.8325615 23.7969341 33.3333282
13.3986654 11.7997007 34.1228600 -26.6666679
16.1789494 10.7166376 20.6691036 -26.6666679
24.8709011 10.8254890 5.2823095 -26.6666622
15.7555180 9.7970428 18.9849453 21.5133266
25.9409199 10.0657349 6.8686028 -26.6666679
17.4575329 9.1275845 12.5607643 14.6112528
29.9262772 9.5477085 7.5378928 -21.6650009
19.1535511 8.6116409 11.4216623 13.3338699
27.5425224 9.1948223 7.8646359 -20.0000153
24.4624138 8.4215689 9.8727751 9.0593557
25.3814583 8.8886089 8.1831112 -13.2621422
24.7674026 8.2569933 9.4895210 6.6660461
23.2530155 8.7832518 8.2179813 -11.5029974
22.8339386 7.8328438 10.2556620 12.2254820
21.2501526 9.0487471 7.9079704 -20.0000057
20.6324272 7.8443689 9.7817783 14.8064413
19.3680000 9.2650585 7.7744126 -19.3459969
18.6276646 7.8287883 9.6408777 16.9135113
17.4854908 9.2581244 7.8145714 -18.3027172
16.6528950 7.8386116 9.5143490 16.3209801
15.5943422 9.2993879 7.8134322 -17.6378269
14.7117624 7.8334341 9.4666567 16.5658340
13.6963472 9.3256216 7.8155999 -17.4166317
12.7833252 7.8297687 9.4377947 16.7092133
