0.0000000 0.0000000 22.0000000 8.4852810 8.4852810 0.0000000
0.0000000 0.9730449 21.2799568 7.4311404 10.1697235 13.3333378
0.1444719 1.9015653 20.1561298 8.9861183 8.1003265 -20.0000019
0.0709014 2.8718231 19.1875381 7.7963443 9.3493261 13.3337870
0.1458571 3.8225162 18.3165779 23.0469818 7.7922473 -17.5140324
0.0359359 4.7093668 17.5762768 7.2504549 10.6144562 26.6661682
0.2029285 5.6243010 16.4124603 21.7523632 8.2395477 -21.5575123
0.1431502 6.5159321 15.9289980 34.9893036 11.7820778 26.6666412
0.3528855 7.3846040 17.0478516 5.8204122 15.0639124 26.6666660
0.7824500 8.0999870 14.0903606 35.9207268 11.6593189 -33.4419060
0.9288412 8.9815474 14.5899878 30.5954609 13.7010555 26.6666660
1.3322887 9.7789240 17.0606213 4.6681137 12.2221298 26.6666660
1.9145319 10.3766651 12.5986242 30.3573856 12.5635805 -33.4416771
2.2592845 11.2011194 14.1180849 27.8423805 10.8384571 26.6666660
2.8349202 11.8846569 32.2051468 8.6995296 10.3614082 26.6666660
3.6631651 12.4120693 14.9975557 26.3090210 9.6284828 -10.9138260
4.3503308 12.9833679 27.7290611 7.7405305 9.7715788 26.6666660
5.2504053 13.3530674 28.9267426 14.0314808 8.9049301 -13.3338785
6.0544024 13.8394938 25.1770725 8.4555483 9.1592178 19.9999924
6.9990602 14.1463270 24.8839397 10.8042240 8.5049009 -6.6659665
7.8928051 14.5152979 22.6563435 8.4362144 8.8607016 14.7800188
8.8422642 14.7282343 22.7376461 11.8503723 7.9303560 -13.3334503
9.7011604 15.0662966 20.4352207 8.1605167 8.8446312 22.6266003
10.6677103 15.1785269 20.0587673 10.5058308 7.8400979 -13.3336277
11.5733700 15.4291334 18.4413223 8.0037518 8.9428339 19.9999905
12.5456381 15.4679661 17.7890320 9.8117342 7.8668985 -13.3338633
13.4739714 15.6506281 16.5305080 7.8114638 22.8456879 18.8914623
14.3673620 15.6298246 16.2687912 11.6401491 7.2780509 -26.6666298
15.2465668 15.8831882 14.7539320 8.3893490 21.0381985 23.7966728
16.1401691 15.8905354 14.5632620 12.9222116 30.4046574 -26.6666679
16.9906387 16.1649113 15.9382200 13.1984348 5.9198942 -26.6666679
17.6725941 16.6475868 12.6938295 12.8325615 23.7969341 33.3333282
18.5404320 16.8607502 13.3986654 11.7997007 34.1228600 -26.6666679
19.3047352 17.3238049 16.1789494 10.7166376 20.6691036 -26.6666679
19.8954811 17.9943275 24.8709011 10.8254890 5.2823095 -26.6666622
20.2734566 18.8444195 15.7555180 9.7970428 18.9849453 21.5133266
20.8251343 19.5474358 25.9409199 10.0657349 6.8686028 -26.6666679
21.1673794 20.4525509 17.4575329 9.1275845 12.5607643 14.6112528
21.6375885 21.2541828 29.9262772 9.5477085 7.5378928 -21.6650009
21.9081841 22.1888428 19.1535511 8.6116409 11.4216623 13.3338699
22.3051758 23.0405579 27.5425224 9.1948223 7.8646359 -20.0000153
22.5072975 24.0071774 24.4624138 8.4215689 9.8727751 9.0593557
22.8054237 24.9337273 25.3814583 8.8886089 8.1831112 -13.2621422
22.9614658 25.9146328 24.7674026 8.2569933 9.4895210 6.6660461
23.1898441 26.8675632 23.2530155 8.7832518 8.2179813 -11.5029974
23.2892437 27.8398170 22.8339386 7.8328438 10.2556620 12.2254820
23.5158310 28.7517815 21.2501526 9.0487471 7.9079704 -20.0000057
23.5288734 29.7184868 20.6324272 7.8443689 9.7817783 14.8064413
23.7021523 30.6459732 19.3680000 9.2650585 7.7744126 -19.3459969
23.6658173 31.6020279 18.6276646 7.8287883 9.6408777 16.9135113
23.8144512 32.5397301 17.4854908 9.2581244 7.8145714 -18.3027172
23.7629242 33.4980469 16.6528950 7.8386116 9.5143490 16.3209801
23.8909435 34.4423981 15.5943422 9.2993879 7.8134322 -17.6378269
23.8251877 35.3986359 14.7117624 7.8334341 9.4666567 16.5658340
23.9418602 36.3456268 13.6963472 9.3256216 7.8155999 -17.4166317
23.8669338 37.3004684 12.7833252 7.8297687 9.4377947 16.7092133
